0
4360    0
4370 5660     0
-1   5790 10390    0
-1     -1  6480   -1    0
-1     -1  6310 9520 3060    0
-1     -1    -1 7020   -1   -1     0
-1     -1    -1   -1   -1   -1 11070     0
-1     -1    -1 3579   -1   -1  4680    -1    0
-1     -1    -1   -1   -1   -1    -1 11850   -1    0
-1     -1    -1   -1   -1 6500  5870    -1 6160 4650    0
-1     -1    -1   -1   -1   -1    -1    -1   -1   -1 6950    0
-1     -1    -1   -1   -1   -1    -1  5470   -1   -1   -1   -1    0
-1     -1    -1   -1   -1   -1    -1    -1   -1   -1   -1   -1 4270    0
-1     -1    -1   -1   -1   -1    -1  6910   -1 5160   -1   -1 4150 6570    0
-1     -1    -1   -1   -1   -1    -1    -1   -1   -1   -1   -1   -1 9460 8830    0
-1     -1    -1   -1   -1   -1    -1    -1   -1   -1   -1 5280   -1   -1   -1 1780    0
-1     -1    -1   -1   -1   -1    -1    -1   -1   -1   -1   -1   -1   -1   -1 4710 9040 0
